2017-04-25 19:18:35,346 WARN  [main] util.NativeCodeLoader (NativeCodeLoader.java:<clinit>(62)) - Unable to load native-hadoop library for your platform... using builtin-java classes where applicable
('test', [array([[  1.04400000e+03,   4.18000000e-01,   2.34840000e+02, ...,
          0.00000000e+00,   1.00000000e+00,   1.70000000e+01],
       [  1.04500000e+03,   4.36000000e-01,   2.33630000e+02, ...,
          0.00000000e+00,   1.00000000e+00,   1.60000000e+01],
       [  1.04600000e+03,   4.98000000e-01,   2.33290000e+02, ...,
          0.00000000e+00,   2.00000000e+00,   1.70000000e+01],
       ..., 
       [  9.60000000e+02,   6.66000000e-01,   2.41500000e+02, ...,
          0.00000000e+00,   0.00000000e+00,   1.80000000e+01],
       [  9.61000000e+02,   6.58000000e-01,   2.40800000e+02, ...,
          0.00000000e+00,   0.00000000e+00,   1.80000000e+01],
       [  9.62000000e+02,   6.60000000e-01,   2.40770000e+02, ...,
          0.00000000e+00,   0.00000000e+00,   1.80000000e+01]]), array([[ 4.216],
       [ 5.36 ],
       [ 5.374],
       ..., 
       [ 4.954],
       [ 4.932],
       [ 4.926]])])
('validate', [array([[  1.06000000e+03,   1.52000000e-01,   2.36730000e+02, ...,
          0.00000000e+00,   0.00000000e+00,   1.70000000e+01],
       [  1.07600000e+03,   9.00000000e-02,   2.33770000e+02, ...,
          0.00000000e+00,   0.00000000e+00,   1.60000000e+01],
       [  1.07900000e+03,   5.80000000e-02,   2.36940000e+02, ...,
          0.00000000e+00,   0.00000000e+00,   1.70000000e+01],
       ..., 
       [  9.43000000e+02,   3.18000000e-01,   2.40000000e+02, ...,
          0.00000000e+00,   0.00000000e+00,   1.70000000e+01],
       [  9.52000000e+02,   4.08000000e-01,   2.40950000e+02, ...,
          0.00000000e+00,   0.00000000e+00,   1.80000000e+01],
       [  9.55000000e+02,   4.86000000e-01,   2.41670000e+02, ...,
          0.00000000e+00,   0.00000000e+00,   1.70000000e+01]]), array([[ 3.27 ],
       [ 4.342],
       [ 2.472],
       ..., 
       [ 4.574],
       [ 4.68 ],
       [ 4.84 ]])])
('train', [array([[  1.04900000e+03,   5.22000000e-01,   2.35020000e+02, ...,
          0.00000000e+00,   2.00000000e+00,   1.70000000e+01],
       [  1.06200000e+03,   0.00000000e+00,   2.37130000e+02, ...,
          0.00000000e+00,   0.00000000e+00,   1.80000000e+01],
       [  1.07000000e+03,   0.00000000e+00,   2.35840000e+02, ...,
          0.00000000e+00,   0.00000000e+00,   1.70000000e+01],
       ..., 
       [  9.27000000e+02,   4.46000000e-01,   2.41080000e+02, ...,
          0.00000000e+00,   1.00000000e+00,   1.80000000e+01],
       [  9.40000000e+02,   3.92000000e-01,   2.41020000e+02, ...,
          0.00000000e+00,   1.00000000e+00,   1.80000000e+01],
       [  9.51000000e+02,   4.08000000e-01,   2.40990000e+02, ...,
          0.00000000e+00,   0.00000000e+00,   1.80000000e+01]]), array([[ 3.52 ],
       [ 3.266],
       [ 3.236],
       [ 3.74 ],
       [ 6.308],
       [ 3.176],
       [ 4.23 ],
       [ 3.458],
       [ 3.394],
       [ 3.406],
       [ 3.334],
       [ 3.646],
       [ 3.392],
       [ 3.352],
       [ 3.206],
       [ 3.42 ],
       [ 3.312],
       [ 3.286],
       [ 3.23 ],
       [ 3.262],
       [ 3.206],
       [ 3.474],
       [ 3.314],
       [ 3.25 ],
       [ 1.388],
       [ 2.392],
       [ 2.468],
       [ 2.35 ],
       [ 2.346],
       [ 2.444],
       [ 0.814],
       [ 4.122],
       [ 1.988],
       [ 1.658],
       [ 2.376],
       [ 2.466],
       [ 2.444],
       [ 0.952],
       [ 4.618],
       [ 3.738],
       [ 5.246],
       [ 3.84 ],
       [ 3.13 ],
       [ 3.94 ],
       [ 3.746],
       [ 4.256],
       [ 2.426],
       [ 2.228],
       [ 2.442],
       [ 2.506],
       [ 0.388],
       [ 2.432],
       [ 2.37 ],
       [ 0.212],
       [ 2.542],
       [ 1.354],
       [ 2.324],
       [ 0.302],
       [ 2.456],
       [ 0.812],
       [ 2.424],
       [ 0.412],
       [ 2.412],
       [ 2.426],
       [ 2.39 ],
       [ 0.4  ],
       [ 2.432],
       [ 2.336],
       [ 3.386],
       [ 3.516],
       [ 2.02 ],
       [ 0.936],
       [ 2.438],
       [ 1.   ],
       [ 2.322],
       [ 0.364],
       [ 0.226],
       [ 2.184],
       [ 0.33 ],
       [ 0.484],
       [ 2.428],
       [ 1.238],
       [ 0.758],
       [ 0.522],
       [ 0.422],
       [ 0.22 ],
       [ 0.222],
       [ 0.21 ],
       [ 0.336],
       [ 2.258],
       [ 2.306],
       [ 2.346],
       [ 2.326],
       [ 2.406],
       [ 2.32 ],
       [ 2.256],
       [ 0.282],
       [ 2.378],
       [ 2.34 ],
       [ 0.914],
       [ 2.374],
       [ 1.158],
       [ 7.064],
       [ 2.012],
       [ 2.4  ],
       [ 2.706],
       [ 2.488],
       [ 2.444],
       [ 2.324],
       [ 0.444],
       [ 3.528],
       [ 2.038],
       [ 1.406],
       [ 3.388],
       [ 3.394],
       [ 1.322],
       [ 3.676],
       [ 3.678],
       [ 2.712],
       [ 5.57 ],
       [ 3.378],
       [ 3.824],
       [ 4.004],
       [ 1.978],
       [ 1.964],
       [ 1.772],
       [ 3.518],
       [ 1.924],
       [ 2.014],
       [ 3.182],
       [ 1.742],
       [ 1.74 ],
       [ 1.45 ],
       [ 1.734],
       [ 1.824],
       [ 1.806],
       [ 2.152],
       [ 1.782],
       [ 2.4  ],
       [ 2.146],
       [ 2.19 ],
       [ 2.12 ],
       [ 2.11 ],
       [ 2.17 ],
       [ 2.238],
       [ 2.112],
       [ 2.12 ],
       [ 2.002],
       [ 4.918],
       [ 4.9  ],
       [ 2.824],
       [ 2.842],
       [ 2.792],
       [ 4.838],
       [ 4.806],
       [ 2.764],
       [ 2.722],
       [ 2.804],
       [ 3.39 ],
       [ 3.7  ],
       [ 3.808],
       [ 3.39 ],
       [ 3.118],
       [ 3.376],
       [ 3.296],
       [ 3.236],
       [ 3.232],
       [ 3.42 ],
       [ 3.638],
       [ 3.79 ],
       [ 4.05 ],
       [ 2.922],
       [ 2.22 ],
       [ 2.168],
       [ 2.116],
       [ 2.114],
       [ 3.424],
       [ 2.96 ],
       [ 3.244],
       [ 3.032],
       [ 2.558],
       [ 2.406],
       [ 2.388],
       [ 3.19 ],
       [ 3.694],
       [ 3.798],
       [ 3.08 ],
       [ 3.08 ],
       [ 2.694],
       [ 2.156],
       [ 1.754],
       [ 0.892],
       [ 0.9  ],
       [ 1.116],
       [ 0.864],
       [ 0.404],
       [ 0.38 ],
       [ 0.47 ],
       [ 0.366],
       [ 0.284],
       [ 0.274],
       [ 0.204],
       [ 0.306],
       [ 0.376],
       [ 0.204],
       [ 0.204],
       [ 0.202],
       [ 0.296],
       [ 0.296],
       [ 0.372],
       [ 0.276],
       [ 0.218],
       [ 0.304],
       [ 0.302],
       [ 0.308],
       [ 0.21 ],
       [ 0.204],
       [ 0.316],
       [ 0.378],
       [ 0.378],
       [ 0.3  ],
       [ 1.306],
       [ 1.308],
       [ 0.282],
       [ 0.286],
       [ 0.284],
       [ 0.282],
       [ 0.246],
       [ 0.316],
       [ 0.314],
       [ 0.306],
       [ 0.214],
       [ 0.212],
       [ 0.216],
       [ 0.388],
       [ 0.386],
       [ 0.21 ],
       [ 0.24 ],
       [ 0.318],
       [ 3.408],
       [ 3.412],
       [ 3.918],
       [ 2.676],
       [ 2.17 ],
       [ 2.918],
       [ 1.866],
       [ 1.408],
       [ 1.402],
       [ 1.324],
       [ 1.318],
       [ 1.33 ],
       [ 1.328],
       [ 1.25 ],
       [ 1.304],
       [ 1.304],
       [ 1.234],
       [ 1.336],
       [ 1.328],
       [ 1.336],
       [ 1.326],
       [ 1.33 ],
       [ 1.352],
       [ 1.356],
       [ 1.27 ],
       [ 1.598],
       [ 1.58 ],
       [ 1.612],
       [ 1.63 ],
       [ 1.636],
       [ 1.618],
       [ 1.786],
       [ 1.636],
       [ 1.618],
       [ 2.352],
       [ 1.388],
       [ 1.416],
       [ 1.766],
       [ 1.694],
       [ 1.696],
       [ 1.688],
       [ 1.686],
       [ 1.398],
       [ 1.718],
       [ 1.86 ],
       [ 1.87 ],
       [ 1.866],
       [ 1.818],
       [ 1.804],
       [ 1.902],
       [ 1.896],
       [ 1.702],
       [ 1.7  ],
       [ 1.62 ],
       [ 1.812],
       [ 1.686],
       [ 1.608],
       [ 1.638],
       [ 2.462],
       [ 2.558],
       [ 2.578],
       [ 1.748],
       [ 1.764],
       [ 2.908],
       [ 1.95 ],
       [ 1.97 ],
       [ 1.974],
       [ 1.942],
       [ 2.654],
       [ 2.65 ],
       [ 1.876],
       [ 2.24 ],
       [ 2.56 ],
       [ 4.714],
       [ 6.158],
       [ 3.758],
       [ 1.71 ],
       [ 1.482],
       [ 1.658],
       [ 4.114],
       [ 3.28 ],
       [ 3.268],
       [ 3.204],
       [ 2.786],
       [ 3.38 ],
       [ 3.418],
       [ 1.868],
       [ 1.652],
       [ 1.664],
       [ 1.49 ],
       [ 1.482],
       [ 1.452],
       [ 1.414],
       [ 1.502],
       [ 2.516],
       [ 2.498],
       [ 1.53 ],
       [ 2.284],
       [ 2.264],
       [ 2.466],
       [ 0.394],
       [ 0.39 ],
       [ 0.332],
       [ 0.346],
       [ 1.306],
       [ 1.382],
       [ 1.508],
       [ 1.3  ],
       [ 0.298],
       [ 0.24 ],
       [ 0.274],
       [ 0.332],
       [ 0.238],
       [ 0.354],
       [ 0.352],
       [ 0.346],
       [ 0.322],
       [ 0.268],
       [ 0.248],
       [ 0.274],
       [ 0.35 ],
       [ 0.244],
       [ 0.244],
       [ 0.336],
       [ 0.322],
       [ 0.342],
       [ 0.262],
       [ 0.244],
       [ 0.412],
       [ 0.422],
       [ 0.342],
       [ 0.264],
       [ 0.316],
       [ 0.374],
       [ 0.348],
       [ 0.418],
       [ 0.354],
       [ 0.31 ],
       [ 0.428],
       [ 0.578],
       [ 2.724],
       [ 2.914],
       [ 3.108],
       [ 4.32 ],
       [ 1.816],
       [ 1.848],
       [ 3.94 ],
       [ 5.808],
       [ 5.536],
       [ 7.84 ],
       [ 7.816],
       [ 2.53 ],
       [ 1.412],
       [ 0.55 ],
       [ 0.308],
       [ 0.41 ],
       [ 0.386],
       [ 0.566],
       [ 1.93 ],
       [ 4.66 ],
       [ 4.542],
       [ 1.364],
       [ 1.644],
       [ 1.536],
       [ 2.38 ],
       [ 2.488],
       [ 0.252],
       [ 0.284],
       [ 0.32 ],
       [ 0.278],
       [ 0.204],
       [ 0.208],
       [ 0.23 ],
       [ 0.268],
       [ 0.3  ],
       [ 0.372],
       [ 0.332],
       [ 0.312],
       [ 0.21 ],
       [ 0.308],
       [ 0.218],
       [ 0.214],
       [ 0.196],
       [ 1.436],
       [ 1.314],
       [ 1.314],
       [ 1.376],
       [ 1.374],
       [ 1.362],
       [ 1.548],
       [ 1.38 ],
       [ 1.32 ],
       [ 1.294],
       [ 1.376],
       [ 1.324],
       [ 1.512],
       [ 1.988],
       [ 2.276],
       [ 2.09 ],
       [ 2.822],
       [ 1.988],
       [ 1.818],
       [ 1.854],
       [ 1.398],
       [ 1.354],
       [ 2.486],
       [ 1.28 ],
       [ 1.688],
       [ 1.904],
       [ 1.798],
       [ 2.508],
       [ 2.844],
       [ 1.992],
       [ 2.354],
       [ 0.932],
       [ 0.622],
       [ 0.604],
       [ 0.7  ],
       [ 0.884],
       [ 0.858],
       [ 0.396],
       [ 0.498],
       [ 0.398],
       [ 0.386],
       [ 0.324],
       [ 0.298],
       [ 0.314],
       [ 0.408],
       [ 0.318],
       [ 0.394],
       [ 1.07 ],
       [ 0.898],
       [ 0.952],
       [ 0.316],
       [ 0.368],
       [ 0.206],
       [ 0.224],
       [ 0.24 ],
       [ 0.208],
       [ 0.3  ],
       [ 0.316],
       [ 0.226],
       [ 1.516],
       [ 1.47 ],
       [ 0.5  ],
       [ 0.276],
       [ 0.286],
       [ 0.318],
       [ 0.34 ],
       [ 0.228],
       [ 0.414],
       [ 0.378],
       [ 0.204],
       [ 0.204],
       [ 0.386],
       [ 0.362],
       [ 0.208],
       [ 0.352],
       [ 0.63 ],
       [ 0.29 ],
       [ 0.206],
       [ 0.206],
       [ 0.21 ],
       [ 0.316],
       [ 0.872],
       [ 1.044],
       [ 1.112],
       [ 1.094],
       [ 1.176],
       [ 5.768],
       [ 2.67 ],
       [ 2.248],
       [ 2.3  ],
       [ 1.466],
       [ 1.376],
       [ 1.468],
       [ 1.364],
       [ 1.36 ],
       [ 1.358],
       [ 1.366],
       [ 1.352],
       [ 1.254],
       [ 1.25 ],
       [ 1.25 ],
       [ 3.342],
       [ 3.624],
       [ 4.106],
       [ 3.484],
       [ 3.574],
       [ 2.848],
       [ 2.93 ],
       [ 2.81 ],
       [ 1.558],
       [ 1.41 ],
       [ 1.296],
       [ 1.356],
       [ 1.39 ],
       [ 1.614],
       [ 1.398],
       [ 1.546],
       [ 1.53 ],
       [ 1.478],
       [ 1.324],
       [ 1.49 ],
       [ 1.32 ],
       [ 1.31 ],
       [ 1.314],
       [ 1.416],
       [ 0.232],
       [ 0.234],
       [ 0.338],
       [ 0.304],
       [ 0.226],
       [ 0.408],
       [ 0.222],
       [ 0.228],
       [ 0.426],
       [ 0.432],
       [ 0.422],
       [ 2.712],
       [ 0.404],
       [ 0.322],
       [ 0.41 ],
       [ 1.082],
       [ 1.064],
       [ 1.076],
       [ 4.148],
       [ 4.224],
       [ 2.392],
       [ 3.504],
       [ 3.466],
       [ 3.302],
       [ 5.672],
       [ 3.338],
       [ 3.35 ],
       [ 3.448],
       [ 3.304],
       [ 3.472],
       [ 3.536],
       [ 3.706],
       [ 3.696],
       [ 3.67 ],
       [ 3.784],
       [ 3.24 ],
       [ 3.138],
       [ 2.768],
       [ 2.476],
       [ 2.608],
       [ 2.498],
       [ 2.318],
       [ 1.4  ],
       [ 1.406],
       [ 1.548],
       [ 1.384],
       [ 1.308],
       [ 1.546],
       [ 1.54 ],
       [ 1.388],
       [ 1.302],
       [ 1.312],
       [ 1.412],
       [ 1.458],
       [ 1.276],
       [ 1.31 ],
       [ 1.304],
       [ 1.312],
       [ 1.408],
       [ 1.292],
       [ 0.378],
       [ 0.208],
       [ 0.208],
       [ 0.288],
       [ 0.288],
       [ 0.39 ],
       [ 0.208],
       [ 0.208],
       [ 0.388],
       [ 0.204],
       [ 0.204],
       [ 0.202],
       [ 0.204],
       [ 0.284],
       [ 0.202],
       [ 0.208],
       [ 0.206],
       [ 0.2  ],
       [ 0.2  ],
       [ 0.198],
       [ 0.314],
       [ 0.39 ],
       [ 0.386],
       [ 0.366],
       [ 0.286],
       [ 0.286],
       [ 0.3  ],
       [ 0.288],
       [ 1.124],
       [ 1.108],
       [ 1.09 ],
       [ 1.846],
       [ 1.01 ],
       [ 1.238],
       [ 1.238],
       [ 0.916],
       [ 2.436],
       [ 3.318],
       [ 3.292],
       [ 3.734],
       [ 3.686],
       [ 3.744],
       [ 1.446],
       [ 1.456],
       [ 1.458],
       [ 1.364],
       [ 1.376],
       [ 3.592],
       [ 1.392],
       [ 0.242],
       [ 0.414],
       [ 0.974],
       [ 0.25 ],
       [ 0.244],
       [ 0.35 ],
       [ 0.35 ],
       [ 0.344],
       [ 1.368],
       [ 1.068],
       [ 0.33 ],
       [ 0.324],
       [ 0.326],
       [ 0.32 ],
       [ 0.38 ],
       [ 2.634],
       [ 2.516],
       [ 2.492],
       [ 2.454],
       [ 2.43 ],
       [ 2.384],
       [ 1.226],
       [ 1.33 ],
       [ 1.326],
       [ 1.33 ],
       [ 1.366],
       [ 1.34 ],
       [ 1.552],
       [ 0.384],
       [ 0.382],
       [ 0.362],
       [ 0.276],
       [ 0.24 ],
       [ 0.55 ],
       [ 0.314],
       [ 0.516],
       [ 0.238],
       [ 0.22 ],
       [ 1.324],
       [ 1.508],
       [ 2.816],
       [ 2.868],
       [ 2.828],
       [ 2.508],
       [ 3.64 ],
       [ 2.634],
       [ 1.852],
       [ 1.78 ],
       [ 1.766],
       [ 1.834],
       [ 1.818],
       [ 2.23 ],
       [ 1.778],
       [ 5.854],
       [ 4.532],
       [ 5.296],
       [ 1.938],
       [ 1.67 ],
       [ 1.622],
       [ 3.328],
       [ 3.008],
       [ 2.314],
       [ 1.872],
       [ 1.682],
       [ 1.402],
       [ 1.406],
       [ 0.41 ],
       [ 0.194],
       [ 0.196],
       [ 0.372],
       [ 0.282],
       [ 0.28 ],
       [ 0.206],
       [ 0.2  ],
       [ 0.294],
       [ 0.3  ],
       [ 0.3  ],
       [ 0.206],
       [ 0.282],
       [ 0.24 ],
       [ 0.31 ],
       [ 0.304],
       [ 0.204],
       [ 0.208],
       [ 0.206],
       [ 0.3  ],
       [ 0.3  ],
       [ 0.206],
       [ 0.284],
       [ 0.378],
       [ 0.202],
       [ 0.204],
       [ 0.204],
       [ 0.324],
       [ 0.208],
       [ 0.208],
       [ 0.208],
       [ 0.21 ],
       [ 0.208],
       [ 0.208],
       [ 0.284],
       [ 0.284],
       [ 0.284],
       [ 0.384],
       [ 0.286],
       [ 0.206],
       [ 0.206],
       [ 0.228],
       [ 0.214],
       [ 0.206],
       [ 0.208],
       [ 0.31 ],
       [ 1.332],
       [ 1.298],
       [ 1.296],
       [ 1.398],
       [ 0.21 ],
       [ 0.29 ],
       [ 0.374],
       [ 0.37 ],
       [ 0.32 ],
       [ 0.206],
       [ 0.206],
       [ 1.004],
       [ 1.004],
       [ 2.984],
       [ 2.012],
       [ 2.01 ],
       [ 4.072],
       [ 1.52 ],
       [ 1.45 ],
       [ 1.34 ],
       [ 1.404],
       [ 1.31 ],
       [ 3.488],
       [ 3.616],
       [ 1.262],
       [ 1.346],
       [ 1.36 ],
       [ 1.334],
       [ 1.338],
       [ 1.318],
       [ 1.328],
       [ 1.242],
       [ 1.434],
       [ 1.426],
       [ 1.24 ],
       [ 1.232],
       [ 1.232],
       [ 1.232],
       [ 0.312],
       [ 2.774],
       [ 2.894],
       [ 0.6  ],
       [ 0.602],
       [ 0.74 ],
       [ 0.576],
       [ 0.57 ],
       [ 0.572],
       [ 0.586],
       [ 0.784],
       [ 0.614],
       [ 1.19 ],
       [ 0.626],
       [ 0.614],
       [ 0.61 ],
       [ 0.342],
       [ 0.312],
       [ 0.888],
       [ 0.354],
       [ 0.35 ],
       [ 0.348],
       [ 0.518],
       [ 0.516],
       [ 0.944],
       [ 1.492],
       [ 1.364],
       [ 1.324],
       [ 1.528],
       [ 1.486],
       [ 1.5  ],
       [ 1.422],
       [ 1.414],
       [ 1.406],
       [ 1.514],
       [ 1.616],
       [ 1.828],
       [ 1.668],
       [ 1.618],
       [ 1.918],
       [ 0.916],
       [ 0.946],
       [ 2.008],
       [ 2.882],
       [ 3.204],
       [ 4.33 ],
       [ 4.36 ],
       [ 4.366],
       [ 4.39 ],
       [ 4.284],
       [ 4.64 ],
       [ 4.586],
       [ 4.03 ],
       [ 3.896],
       [ 3.172],
       [ 2.974],
       [ 2.964],
       [ 2.9  ],
       [ 2.894],
       [ 2.894],
       [ 2.502],
       [ 2.486],
       [ 3.046],
       [ 5.148],
       [ 2.85 ],
       [ 2.754],
       [ 2.896],
       [ 2.882],
       [ 7.884],
       [ 6.608],
       [ 4.97 ],
       [ 4.432],
       [ 3.98 ],
       [ 2.81 ],
       [ 3.69 ],
       [ 3.706],
       [ 3.638],
       [ 3.222],
       [ 1.744],
       [ 3.004],
       [ 1.104],
       [ 1.59 ],
       [ 0.228],
       [ 2.338],
       [ 1.164],
       [ 2.468],
       [ 0.692],
       [ 2.384],
       [ 2.41 ],
       [ 2.472],
       [ 2.36 ],
       [ 0.33 ],
       [ 1.49 ],
       [ 2.428],
       [ 0.476],
       [ 2.326],
       [ 2.218],
       [ 0.434],
       [ 2.416],
       [ 2.322],
       [ 2.388],
       [ 0.212],
       [ 2.426],
       [ 3.394],
       [ 2.244],
       [ 0.304],
       [ 0.428],
       [ 0.978],
       [ 2.412],
       [ 0.21 ],
       [ 2.31 ],
       [ 1.222],
       [ 2.304],
       [ 0.314],
       [ 2.38 ],
       [ 2.448],
       [ 6.008],
       [ 2.956],
       [ 3.25 ],
       [ 1.374],
       [ 2.818],
       [ 4.092],
       [ 4.682],
       [ 4.594],
       [ 4.446],
       [ 4.93 ],
       [ 4.764],
       [ 4.754],
       [ 4.786],
       [ 5.36 ],
       [ 3.486],
       [ 3.414],
       [ 3.468],
       [ 3.642],
       [ 1.64 ],
       [ 1.916],
       [ 3.794],
       [ 3.766],
       [ 0.668],
       [ 1.14 ],
       [ 3.086],
       [ 3.176],
       [ 3.176],
       [ 2.782],
       [ 3.334],
       [ 3.834],
       [ 4.23 ],
       [ 3.588],
       [ 3.698],
       [ 2.856],
       [ 2.832],
       [ 2.754],
       [ 2.718],
       [ 1.052],
       [ 3.558],
       [ 3.678],
       [ 4.248],
       [ 4.004],
       [ 1.444],
       [ 4.01 ],
       [ 3.794],
       [ 4.032],
       [ 4.05 ],
       [ 4.35 ],
       [ 4.068],
       [ 2.082],
       [ 5.268],
       [ 3.866],
       [ 3.172],
       [ 4.574],
       [ 4.57 ],
       [ 4.68 ]])])
